(
Seq1_Human:0.00000,
Seq2_Chimp:0.00000,
Seq3_Mouse:0.01667);
